4.175000000000000000e+04
3.150000000000000000e+04
2.570000000000000000e+04
1.770000000000000000e+04
2.150000000000000000e+04
6.100000000000000000e+04
2.890000000000000000e+04
3.200000000000000000e+04
3.350000000000000000e+04
2.050000000000000000e+04
4.875000000000000000e+04
1.695000000000000000e+04
4.600000000000000000e+04
2.500000000000000000e+04
1.775000000000000000e+04
3.390000000000000000e+04
1.965000000000000000e+04
1.875000000000000000e+04
1.850000000000000000e+04
4.850000000000000000e+04
4.750000000000000000e+04
2.850000000000000000e+04
1.100000000000000000e+04
3.990000000000000000e+04
1.500000000000000000e+04
1.825000000000000000e+04
3.500000000000000000e+04
1.390000000000000000e+04
1.450000000000000000e+04
2.100000000000000000e+04
1.500000000000000000e+04
4.600000000000000000e+04
3.990000000000000000e+04
4.625000000000000000e+04
3.675000000000000000e+04
1.600000000000000000e+04
5.690000000000000000e+04
2.925000000000000000e+04
4.375000000000000000e+04
1.800000000000000000e+04
3.350000000000000000e+04
2.300000000000000000e+04
2.400000000000000000e+04
2.250000000000000000e+04
5.975000000000000000e+04
3.500000000000000000e+04
2.725000000000000000e+04
3.100000000000000000e+04
2.975000000000000000e+04
2.825000000000000000e+04
4.150000000000000000e+04
4.070000000000000000e+04
1.925000000000000000e+04
3.890000000000000000e+04
1.890000000000000000e+04
2.125000000000000000e+04
2.200000000000000000e+04
5.820000000000000000e+04
3.475000000000000000e+04
3.450000000000000000e+04
2.925000000000000000e+04
2.575000000000000000e+04
2.700000000000000000e+04
2.085000000000000000e+04
2.575000000000000000e+04
5.000000000000000000e+04
1.700000000000000000e+04
4.100000000000000000e+04
2.680000000000000000e+04
3.275000000000000000e+04
1.875000000000000000e+04
1.850000000000000000e+04
1.975000000000000000e+04
2.500000000000000000e+04
4.990000000000000000e+04
2.475000000000000000e+04
2.725000000000000000e+04
1.695000000000000000e+04
2.680000000000000000e+04
2.390000000000000000e+04
2.500000000000000000e+04
1.790000000000000000e+04
1.775000000000000000e+04
1.700000000000000000e+04
1.950000000000000000e+04
1.850000000000000000e+04
3.500000000000000000e+04
2.825000000000000000e+04
2.050000000000000000e+04
1.750000000000000000e+04
3.150000000000000000e+04
5.100000000000000000e+04
1.425000000000000000e+04
3.700000000000000000e+04
