4.490548985680891201e+04
2.841660106437653303e+04
2.922721039749449119e+04
2.078413547602156177e+04
2.779977735270839185e+04
4.817065397198731080e+04
4.040673548842547461e+04
2.996395297222211957e+04
4.217664671151153743e+04
1.860902932773297653e+04
5.033570017249975353e+04
1.889363226719899103e+04
4.754775477074971423e+04
3.705190868025412783e+04
2.929446699130628258e+04
3.749155189402634278e+04
3.942812473778473213e+04
3.075018806589907035e+04
2.963297455775411800e+04
5.386774731662590057e+04
5.191881937273358926e+04
2.260320744677772745e+04
2.064836474906979129e+04
5.078743318204162642e+04
1.918717446345929056e+04
7.822937941439449787e+03
4.866836821853183210e+04
3.000323957575159147e+04
1.609357185314595699e+04
2.111148690612521023e+04
2.387008410249790177e+04
4.759697316829906777e+04
2.422058308275556192e+04
5.045379829595051706e+04
4.205583223575819284e+04
2.687590074478415772e+04
5.557665139198396355e+04
3.614090747893881053e+04
4.411057745929434896e+04
2.146280474194791168e+04
2.523515320286620408e+04
2.840155313993105665e+04
3.827085774022946134e+04
1.615217661065142602e+04
4.732643802577909082e+04
5.008173656357312575e+04
1.794606048136716709e+04
4.319868872686522081e+04
2.516467074234317988e+04
2.731871222523087636e+04
4.881533040782855824e+04
5.298525988719332963e+04
2.646013846424361691e+04
4.362736195361195132e+04
2.584500574591103941e+04
3.083887753668660298e+04
3.130154562223982066e+04
5.828922491923905909e+04
2.729905981398932636e+04
4.534847626790497452e+04
4.133094538123672828e+04
2.800471005827747285e+04
3.247233558649756014e+04
3.060843038170831278e+04
2.632292570284381509e+04
5.492031826229160652e+04
2.604636320549994707e+04
5.415515991585236043e+04
3.732952876464370638e+04
4.475509138591168448e+04
2.282302531263371930e+04
1.670214043171983212e+04
2.084819983376841992e+04
4.157257433274388313e+04
4.161818377074273303e+04
3.267077634744672105e+04
3.401828681776486337e+04
2.976874528470588848e+04
4.341116429681284353e+04
3.335539171005040407e+04
3.608353755390783772e+04
2.835478685272345319e+04
2.439523203686811030e+04
2.802872542249318212e+04
2.670629121783142909e+04
2.548032054004725069e+04
4.214171316567482427e+04
2.623819170769490302e+04
3.278555557567952201e+04
2.508412775850715116e+04
4.668477980064461008e+04
5.008601692260894924e+04
1.666502672383282334e+04
3.896454566319985315e+04
