47105.343506
24194.412354
22595.745850
21198.198975
17154.995850
52744.073975
33813.691162
24464.761475
41084.011475
14625.269287
51375.159912
15611.148193
49594.390381
37163.948975
21224.988037
27321.886475
29694.647217
21499.292725
18591.484131
52698.792725
53727.355225
18034.436279
18640.269287
48774.855225
18055.222412
12872.827881
44029.956787
17377.198975
16039.269287
18897.116943
21003.726318
62069.605225
21994.936523
53301.421631
40672.527100
14879.620850
56523.331787
30118.129639
40278.628662
16527.070068
18723.086670
17647.288818
27987.765381
17912.310303
46658.066162
47814.339600
14896.460693
36927.589600
18367.011475
15581.390381
54419.980225
52118.823975
17494.150146
41773.917725
19749.159912
19138.691162
22512.851318
63538.839600
21725.894287
48766.542725
38243.570068
20008.468506
24498.558350
26958.300537
18800.597412
56491.073975
19986.456787
53191.839600
35813.347412
47295.589600
20087.851318
14800.431396
15839.813232
39045.656006
39804.339600
25630.812256
26558.550537
21687.347412
38916.292725
27281.019287
30047.243896
20773.167725
18195.980225
23474.948975
16500.902100
19083.066162
41408.183350
18031.636475
23061.359131
18251.831787
41897.370850
50305.292725
18754.742920
34119.445068
