46901.374809
26634.210287
28195.454227
21720.918394
23038.920227
48103.264815
38779.081412
28626.937765
43093.392238
19644.752241
51204.193699
19070.116124
47008.776849
40267.217332
28118.378229
35157.156791
34542.478424
27954.141429
26462.978853
55565.252886
53148.055699
23265.869551
22898.273065
51745.804676
20053.816076
15618.190397
43499.843585
27695.289881
17982.525434
22817.433146
23574.647533
37321.404319
22613.545504
51254.467763
42854.080741
22639.470327
56688.778064
32640.083798
43231.474118
20898.550223
24004.693314
27044.493175
34704.368154
17237.928909
49188.843147
49283.138616
18738.066032
39768.237317
25322.146659
27116.572127
47629.278845
55270.311389
24454.819647
45036.488988
25703.083655
29264.556217
29996.390233
62236.525115
28372.556283
47797.169218
41411.758474
27136.813103
31314.553155
29649.013089
25844.233959
57565.086867
25964.428262
55152.187523
38543.635945
46387.600168
23077.760123
19627.962383
20932.321317
41893.032264
41714.573147
32196.096601
32456.646121
28920.472160
41921.688680
33341.882324
32658.065505
27951.221517
23917.631183
27306.378014
21121.449656
24082.852551
42607.066628
24119.988388
30518.125779
25202.246014
45129.875537
50668.117256
18153.859767
38596.406516
