39760
39754
39965
40186
39859
40230
40018
39988
39874
39921
39609
40236
39999
40050
40393
39974
39823
40322
39757
40248
40254
40249
40046
39601
39853
40052
39759
40106
39965
39810
39922
39815
39684
39768
40431
39736
40153
40395
40117
40104
40218
39966
39959
39801
39828
39890
39802
40187
39866
40031
40011
39992
40040
39936
40348
40314
39964
40182
39964
40003
40327
39862
40140
39931
39845
39664
40377
40256
39835
40232
40096
40000
40142
40152
40285
40067
39813
40100
39945
39997
40157
39873
40517
39734
39967
40045
40041
39989
40115
40068
39875
39794
39811
40092
40125